# eta   f(eta)   f'(eta)
0 0 0
0.01 1.6603e-05 0.00332059
0.02 6.64118e-05 0.00664118
0.03 0.000149427 0.00996177
0.04 0.000265647 0.0132824
0.05 0.000415074 0.0166029
0.06 0.000597706 0.0199235
0.07 0.000813544 0.0232441
0.08 0.00106259 0.0265646
0.09 0.00134484 0.0298852
0.1 0.00166029 0.0332057
0.11 0.00200895 0.0365262
0.12 0.00239081 0.0398466
0.13 0.00280588 0.043167
0.14 0.00325416 0.0464874
0.15 0.00373563 0.0498077
0.16 0.00425031 0.053128
0.17 0.00479819 0.0564481
0.18 0.00537927 0.0597682
0.19 0.00599355 0.0630883
0.2 0.00664104 0.0664082
0.21 0.00732172 0.069728
0.22 0.0080356 0.0730476
0.23 0.00878267 0.0763672
0.24 0.00956294 0.0796866
0.25 0.0103764 0.0830058
0.26 0.0112231 0.0863249
0.27 0.0121029 0.0896438
0.28 0.0130159 0.0929625
0.29 0.0139621 0.0962809
0.3 0.0149415 0.0995992
0.31 0.0159541 0.102917
0.32 0.0169999 0.106235
0.33 0.0180788 0.109552
0.34 0.0191909 0.112869
0.35 0.0203362 0.116186
0.36 0.0215147 0.119503
0.37 0.0227263 0.122819
0.38 0.023971 0.126135
0.39 0.025249 0.12945
0.4 0.02656 0.132765
0.41 0.0279043 0.136079
0.42 0.0292816 0.139393
0.43 0.0306921 0.142707
0.44 0.0321358 0.14602
0.45 0.0336125 0.149333
0.46 0.0351224 0.152644
0.47 0.0366654 0.155956
0.48 0.0382415 0.159267
0.49 0.0398507 0.162577
0.5 0.0414931 0.165886
0.51 0.0431685 0.169195
0.52 0.044877 0.172503
0.53 0.0466185 0.17581
0.54 0.0483932 0.179117
0.55 0.0502009 0.182423
0.56 0.0520416 0.185728
0.57 0.0539154 0.189032
0.58 0.0558222 0.192335
0.59 0.0577621 0.195637
0.6 0.059735 0.198938
0.61 0.0617409 0.202239
0.62 0.0637797 0.205538
0.63 0.0658516 0.208836
0.64 0.0679565 0.212133
0.65 0.0700943 0.215429
0.66 0.072265 0.218724
0.67 0.0744688 0.222018
0.68 0.0767054 0.22531
0.69 0.078975 0.228602
0.7 0.0812774 0.231892
0.71 0.0836128 0.23518
0.72 0.085981 0.238467
0.73 0.0883821 0.241753
0.74 0.0908161 0.245037
0.75 0.0932829 0.24832
0.76 0.0957825 0.251602
0.77 0.0983149 0.254881
0.78 0.10088 0.258159
0.79 0.103478 0.261436
0.8 0.106109 0.264711
0.81 0.108772 0.267984
0.82 0.111468 0.271255
0.83 0.114197 0.274524
0.84 0.116959 0.277792
0.85 0.119753 0.281058
0.86 0.12258 0.284321
0.87 0.12544 0.287583
0.88 0.128332 0.290843
0.89 0.131256 0.2941
0.9 0.134214 0.297356
0.91 0.137204 0.300609
0.92 0.140226 0.30386
0.93 0.143281 0.307109
0.94 0.146368 0.310355
0.95 0.149488 0.313599
0.96 0.15264 0.316841
0.97 0.155825 0.32008
0.98 0.159042 0.323316
0.99 0.162291 0.32655
1 0.165573 0.329782
1.01 0.168887 0.333011
1.02 0.172233 0.336237
1.03 0.175611 0.33946
1.04 0.179022 0.34268
1.05 0.182465 0.345898
1.06 0.18594 0.349112
1.07 0.189447 0.352324
1.08 0.192986 0.355533
1.09 0.196558 0.358738
1.1 0.200161 0.36194
1.11 0.203797 0.36514
1.12 0.207464 0.368335
1.13 0.211163 0.371528
1.14 0.214895 0.374717
1.15 0.218658 0.377903
1.16 0.222453 0.381085
1.17 0.226279 0.384264
1.18 0.230138 0.387439
1.19 0.234028 0.390611
1.2 0.23795 0.393778
1.21 0.241904 0.396942
1.22 0.245889 0.400103
1.23 0.249906 0.403259
1.24 0.253954 0.406411
1.25 0.258034 0.40956
1.26 0.262145 0.412704
1.27 0.266288 0.415844
1.28 0.270462 0.41898
1.29 0.274668 0.422112
1.3 0.278904 0.425239
1.31 0.283172 0.428362
1.32 0.287472 0.431481
1.33 0.291802 0.434595
1.34 0.296163 0.437705
1.35 0.300556 0.44081
1.36 0.30498 0.44391
1.37 0.309434 0.447006
1.38 0.31392 0.450097
1.39 0.318436 0.453183
1.4 0.322983 0.456264
1.41 0.327561 0.45934
1.42 0.33217 0.462412
1.43 0.33681 0.465478
1.44 0.34148 0.468539
1.45 0.34618 0.471594
1.46 0.350912 0.474645
1.47 0.355673 0.47769
1.48 0.360465 0.480729
1.49 0.365288 0.483763
1.5 0.370141 0.486792
1.51 0.375024 0.489815
1.52 0.379937 0.492832
1.53 0.38488 0.495844
1.54 0.389854 0.49885
1.55 0.394857 0.50185
1.56 0.399891 0.504844
1.57 0.404954 0.507832
1.58 0.410047 0.510814
1.59 0.41517 0.51379
1.6 0.420323 0.51676
1.61 0.425506 0.519723
1.62 0.430718 0.52268
1.63 0.435959 0.525631
1.64 0.44123 0.528576
1.65 0.446531 0.531514
1.66 0.45186 0.534445
1.67 0.457219 0.53737
1.68 0.462608 0.540288
1.69 0.468025 0.543199
1.7 0.473472 0.546104
1.71 0.478947 0.549001
1.72 0.484452 0.551892
1.73 0.489985 0.554776
1.74 0.495547 0.557653
1.75 0.501138 0.560522
1.76 0.506758 0.563385
1.77 0.512406 0.56624
1.78 0.518082 0.569088
1.79 0.523788 0.571928
1.8 0.529521 0.574761
1.81 0.535283 0.577587
1.82 0.541073 0.580405
1.83 0.546891 0.583215
1.84 0.552737 0.586018
1.85 0.558611 0.588813
1.86 0.564513 0.5916
1.87 0.570443 0.59438
1.88 0.576401 0.597151
1.89 0.582386 0.599914
1.9 0.588399 0.60267
1.91 0.594439 0.605417
1.92 0.600507 0.608156
1.93 0.606603 0.610887
1.94 0.612725 0.61361
1.95 0.618875 0.616324
1.96 0.625052 0.61903
1.97 0.631255 0.621728
1.98 0.637486 0.624417
1.99 0.643744 0.627097
2 0.650028 0.629769
2.01 0.656339 0.632432
2.02 0.662677 0.635087
2.03 0.669041 0.637732
2.04 0.675431 0.640369
2.05 0.681848 0.642997
2.06 0.688291 0.645616
2.07 0.69476 0.648226
2.08 0.701256 0.650827
2.09 0.707777 0.653419
2.1 0.714324 0.656002
2.11 0.720897 0.658575
2.12 0.727495 0.661139
2.13 0.73412 0.663694
2.14 0.740769 0.66624
2.15 0.747444 0.668776
2.16 0.754145 0.671303
2.17 0.76087 0.67382
2.18 0.767621 0.676328
2.19 0.774397 0.678826
2.2 0.781198 0.681314
2.21 0.788023 0.683793
2.22 0.794873 0.686262
2.23 0.801748 0.688721
2.24 0.808648 0.69117
2.25 0.815572 0.693609
2.26 0.82252 0.696039
2.27 0.829492 0.698458
2.28 0.836489 0.700868
2.29 0.84351 0.703267
2.3 0.850554 0.705657
2.31 0.857623 0.708036
2.32 0.864715 0.710405
2.33 0.871831 0.712764
2.34 0.87897 0.715112
2.35 0.886133 0.71745
2.36 0.893319 0.719778
2.37 0.900529 0.722096
2.38 0.907761 0.724403
2.39 0.915017 0.7267
2.4 0.922295 0.728986
2.41 0.929596 0.731261
2.42 0.93692 0.733526
2.43 0.944267 0.735781
2.44 0.951636 0.738025
2.45 0.959027 0.740258
2.46 0.966441 0.742481
2.47 0.973877 0.744693
2.48 0.981335 0.746894
2.49 0.988815 0.749084
2.5 0.996317 0.751264
2.51 1.00384 0.753432
2.52 1.01139 0.75559
2.53 1.01895 0.757737
2.54 1.02654 0.759873
2.55 1.03415 0.761998
2.56 1.04178 0.764112
2.57 1.04943 0.766216
2.58 1.0571 0.768308
2.59 1.0648 0.770389
2.6 1.07251 0.772459
2.61 1.08025 0.774518
2.62 1.088 0.776566
2.63 1.09578 0.778603
2.64 1.10357 0.780628
2.65 1.11139 0.782643
2.66 1.11923 0.784646
2.67 1.12708 0.786638
2.68 1.13496 0.788619
2.69 1.14286 0.790589
2.7 1.15077 0.792548
2.71 1.15871 0.794495
2.72 1.16666 0.796431
2.73 1.17464 0.798356
2.74 1.18263 0.80027
2.75 1.19064 0.802172
2.76 1.19867 0.804063
2.77 1.20672 0.805942
2.78 1.21479 0.807811
2.79 1.22288 0.809668
2.8 1.23098 0.811514
2.81 1.23911 0.813348
2.82 1.24725 0.815171
2.83 1.25541 0.816983
2.84 1.26359 0.818783
2.85 1.27179 0.820572
2.86 1.28 0.82235
2.87 1.28823 0.824116
2.88 1.29648 0.825872
2.89 1.30475 0.827615
2.9 1.31304 0.829348
2.91 1.32134 0.831069
2.92 1.32966 0.832778
2.93 1.33799 0.834477
2.94 1.34635 0.836164
2.95 1.35472 0.837839
2.96 1.3631 0.839504
2.97 1.37151 0.841157
2.98 1.37993 0.842799
2.99 1.38836 0.844429
3 1.39682 0.846049
3.01 1.40528 0.847657
3.02 1.41377 0.849253
3.03 1.42227 0.850839
3.04 1.43079 0.852413
3.05 1.43932 0.853976
3.06 1.44786 0.855528
3.07 1.45643 0.857068
3.08 1.46501 0.858598
3.09 1.4736 0.860116
3.1 1.48221 0.861623
3.11 1.49083 0.863119
3.12 1.49947 0.864604
3.13 1.50812 0.866078
3.14 1.51679 0.867541
3.15 1.52548 0.868992
3.16 1.53417 0.870433
3.17 1.54288 0.871863
3.18 1.55161 0.873281
3.19 1.56035 0.874689
3.2 1.5691 0.876086
3.21 1.57787 0.877471
3.22 1.58665 0.878846
3.23 1.59545 0.88021
3.24 1.60426 0.881564
3.25 1.61308 0.882906
3.26 1.62191 0.884238
3.27 1.63076 0.885559
3.28 1.63963 0.886869
3.29 1.6485 0.888168
3.3 1.65739 0.889457
3.31 1.66629 0.890735
3.32 1.6752 0.892003
3.33 1.68413 0.89326
3.34 1.69307 0.894506
3.35 1.70202 0.895742
3.36 1.71098 0.896968
3.37 1.71996 0.898183
3.38 1.72895 0.899387
3.39 1.73795 0.900581
3.4 1.74696 0.901765
3.41 1.75598 0.902939
3.42 1.76502 0.904102
3.43 1.77406 0.905255
3.44 1.78312 0.906398
3.45 1.79219 0.907531
3.46 1.80127 0.908654
3.47 1.81037 0.909767
3.48 1.81947 0.910869
3.49 1.82858 0.911962
3.5 1.83771 0.913045
3.51 1.84684 0.914117
3.52 1.85599 0.91518
3.53 1.86515 0.916233
3.54 1.87432 0.917277
3.55 1.88349 0.91831
3.56 1.89268 0.919334
3.57 1.90188 0.920348
3.58 1.91109 0.921353
3.59 1.92031 0.922348
3.6 1.92954 0.923334
3.61 1.93877 0.92431
3.62 1.94802 0.925277
3.63 1.95728 0.926234
3.64 1.96655 0.927182
3.65 1.97582 0.928121
3.66 1.98511 0.92905
3.67 1.9944 0.929971
3.68 2.00371 0.930882
3.69 2.01302 0.931784
3.7 2.02234 0.932677
3.71 2.03167 0.933561
3.72 2.04101 0.934436
3.73 2.05036 0.935303
3.74 2.05972 0.93616
3.75 2.06909 0.937009
3.76 2.07846 0.937849
3.77 2.08784 0.93868
3.78 2.09723 0.939503
3.79 2.10663 0.940317
3.8 2.11604 0.941122
3.81 2.12546 0.941919
3.82 2.13488 0.942708
3.83 2.14431 0.943488
3.84 2.15375 0.94426
3.85 2.1632 0.945024
3.86 2.17265 0.945779
3.87 2.18211 0.946526
3.88 2.19158 0.947265
3.89 2.20106 0.947996
3.9 2.21054 0.94872
3.91 2.22003 0.949435
3.92 2.22953 0.950142
3.93 2.23903 0.950841
3.94 2.24854 0.951533
3.95 2.25806 0.952217
3.96 2.26759 0.952893
3.97 2.27712 0.953562
3.98 2.28666 0.954223
3.99 2.29621 0.954876
4 2.30576 0.955522
4.01 2.31532 0.956161
4.02 2.32488 0.956792
4.03 2.33445 0.957416
4.04 2.34403 0.958033
4.05 2.35361 0.958643
4.06 2.3632 0.959245
4.07 2.3728 0.95984
4.08 2.3824 0.960429
4.09 2.39201 0.96101
4.1 2.40162 0.961585
4.11 2.41124 0.962152
4.12 2.42086 0.962713
4.13 2.43049 0.963267
4.14 2.44013 0.963814
4.15 2.44977 0.964355
4.16 2.45941 0.964889
4.17 2.46907 0.965417
4.18 2.47872 0.965938
4.19 2.48838 0.966453
4.2 2.49805 0.966961
4.21 2.50772 0.967463
4.22 2.5174 0.967959
4.23 2.52708 0.968449
4.24 2.53677 0.968932
4.25 2.54646 0.969409
4.26 2.55616 0.969881
4.27 2.56586 0.970346
4.28 2.57557 0.970805
4.29 2.58528 0.971259
4.3 2.59499 0.971707
4.31 2.60471 0.972149
4.32 2.61443 0.972585
4.33 2.62416 0.973015
4.34 2.63389 0.97344
4.35 2.64363 0.97386
4.36 2.65337 0.974273
4.37 2.66312 0.974682
4.38 2.67286 0.975085
4.39 2.68262 0.975482
4.4 2.69237 0.975875
4.41 2.70213 0.976262
4.42 2.7119 0.976644
4.43 2.72167 0.977021
4.44 2.73144 0.977392
4.45 2.74122 0.977759
4.46 2.75099 0.978121
4.47 2.76078 0.978477
4.48 2.77056 0.978829
4.49 2.78035 0.979176
4.5 2.79015 0.979518
4.51 2.79994 0.979856
4.52 2.80974 0.980188
4.53 2.81955 0.980517
4.54 2.82936 0.98084
4.55 2.83917 0.981159
4.56 2.84898 0.981474
4.57 2.85879 0.981784
4.58 2.86861 0.982089
4.59 2.87844 0.98239
4.6 2.88826 0.982687
4.61 2.89809 0.98298
4.62 2.90792 0.983269
4.63 2.91776 0.983553
4.64 2.92759 0.983833
4.65 2.93743 0.984109
4.66 2.94727 0.984382
4.67 2.95712 0.98465
4.68 2.96697 0.984914
4.69 2.97682 0.985174
4.7 2.98667 0.985431
4.71 2.99653 0.985683
4.72 3.00638 0.985932
4.73 3.01625 0.986177
4.74 3.02611 0.986419
4.75 3.03597 0.986657
4.76 3.04584 0.986891
4.77 3.05571 0.987122
4.78 3.06558 0.987349
4.79 3.07546 0.987573
4.8 3.08534 0.987793
4.81 3.09521 0.98801
4.82 3.1051 0.988224
4.83 3.11498 0.988435
4.84 3.12486 0.988642
4.85 3.13475 0.988846
4.86 3.14464 0.989046
4.87 3.15453 0.989244
4.88 3.16443 0.989439
4.89 3.17432 0.98963
4.9 3.18422 0.989819
4.91 3.19412 0.990004
4.92 3.20402 0.990187
4.93 3.21392 0.990366
4.94 3.22383 0.990543
4.95 3.23373 0.990717
4.96 3.24364 0.990888
4.97 3.25355 0.991057
4.98 3.26346 0.991222
4.99 3.27337 0.991385
5 3.28329 0.991546
5.01 3.29321 0.991704
5.02 3.30312 0.991859
5.03 3.31304 0.992011
5.04 3.32296 0.992162
5.05 3.33289 0.992309
5.06 3.34281 0.992454
5.07 3.35273 0.992597
5.08 3.36266 0.992738
5.09 3.37259 0.992876
5.1 3.38252 0.993012
5.11 3.39245 0.993145
5.12 3.40238 0.993276
5.13 3.41232 0.993405
5.14 3.42225 0.993532
5.15 3.43219 0.993657
5.16 3.44212 0.99378
5.17 3.45206 0.9939
5.18 3.462 0.994019
5.19 3.47194 0.994135
5.2 3.48188 0.994249
5.21 3.49183 0.994362
5.22 3.50177 0.994472
5.23 3.51172 0.994581
5.24 3.52166 0.994688
5.25 3.53161 0.994792
5.26 3.54156 0.994895
5.27 3.55151 0.994997
5.28 3.56146 0.995096
5.29 3.57141 0.995194
5.3 3.58136 0.995289
5.31 3.59132 0.995384
5.32 3.60127 0.995476
5.33 3.61123 0.995567
5.34 3.62118 0.995656
5.35 3.63114 0.995744
5.36 3.6411 0.99583
5.37 3.65105 0.995915
5.38 3.66101 0.995998
5.39 3.67097 0.996079
5.4 3.68094 0.996159
5.41 3.6909 0.996238
5.42 3.70086 0.996315
5.43 3.71082 0.99639
5.44 3.72079 0.996465
5.45 3.73075 0.996538
5.46 3.74072 0.996609
5.47 3.75069 0.99668
5.48 3.76065 0.996749
5.49 3.77062 0.996816
5.5 3.78059 0.996883
5.51 3.79056 0.996948
5.52 3.80053 0.997012
5.53 3.8105 0.997074
5.54 3.82047 0.997136
5.55 3.83044 0.997196
5.56 3.84041 0.997256
5.57 3.85039 0.997314
5.58 3.86036 0.997371
5.59 3.87033 0.997427
5.6 3.88031 0.997482
5.61 3.89028 0.997535
5.62 3.90026 0.997588
5.63 3.91024 0.99764
5.64 3.92021 0.997691
5.65 3.93019 0.99774
5.66 3.94017 0.997789
5.67 3.95014 0.997837
5.68 3.96012 0.997884
5.69 3.9701 0.99793
5.7 3.98008 0.997975
5.71 3.99006 0.998019
5.72 4.00004 0.998062
5.73 4.01002 0.998105
5.74 4.02 0.998147
5.75 4.02999 0.998187
5.76 4.03997 0.998227
5.77 4.04995 0.998266
5.78 4.05993 0.998305
5.79 4.06992 0.998342
5.8 4.0799 0.998379
5.81 4.08988 0.998415
5.82 4.09987 0.998451
5.83 4.10985 0.998485
5.84 4.11984 0.998519
5.85 4.12982 0.998553
5.86 4.13981 0.998585
5.87 4.1498 0.998617
5.88 4.15978 0.998648
5.89 4.16977 0.998679
5.9 4.17976 0.998709
5.91 4.18974 0.998738
5.92 4.19973 0.998767
5.93 4.20972 0.998795
5.94 4.21971 0.998823
5.95 4.22969 0.99885
5.96 4.23968 0.998876
5.97 4.24967 0.998902
5.98 4.25966 0.998928
5.99 4.26965 0.998952
6 4.27964 0.998977
6.01 4.28963 0.999
6.02 4.29962 0.999024
6.03 4.30961 0.999046
6.04 4.3196 0.999069
6.05 4.32959 0.999091
6.06 4.33958 0.999112
6.07 4.34957 0.999133
6.08 4.35957 0.999153
6.09 4.36956 0.999173
6.1 4.37955 0.999193
6.11 4.38954 0.999212
6.12 4.39953 0.999231
6.13 4.40953 0.999249
6.14 4.41952 0.999267
6.15 4.42951 0.999284
6.16 4.4395 0.999301
6.17 4.4495 0.999318
6.18 4.45949 0.999335
6.19 4.46948 0.999351
6.2 4.47948 0.999366
6.21 4.48947 0.999382
6.22 4.49947 0.999397
6.23 4.50946 0.999411
6.24 4.51945 0.999426
6.25 4.52945 0.99944
6.26 4.53944 0.999453
6.27 4.54944 0.999467
6.28 4.55943 0.99948
6.29 4.56943 0.999493
6.3 4.57942 0.999505
6.31 4.58942 0.999517
6.32 4.59941 0.999529
6.33 4.60941 0.999541
6.34 4.6194 0.999552
6.35 4.6294 0.999563
6.36 4.63939 0.999574
6.37 4.64939 0.999585
6.38 4.65939 0.999595
6.39 4.66938 0.999606
6.4 4.67938 0.999615
6.41 4.68937 0.999625
6.42 4.69937 0.999635
6.43 4.70937 0.999644
6.44 4.71936 0.999653
6.45 4.72936 0.999662
6.46 4.73936 0.99967
6.47 4.74935 0.999679
6.48 4.75935 0.999687
6.49 4.76935 0.999695
6.5 4.77934 0.999703
6.51 4.78934 0.99971
6.52 4.79934 0.999718
6.53 4.80933 0.999725
6.54 4.81933 0.999732
6.55 4.82933 0.999739
6.56 4.83933 0.999746
6.57 4.84932 0.999753
6.58 4.85932 0.999759
6.59 4.86932 0.999765
6.6 4.87932 0.999772
6.61 4.88932 0.999778
6.62 4.89931 0.999784
6.63 4.90931 0.999789
6.64 4.91931 0.999795
6.65 4.92931 0.9998
6.66 4.9393 0.999806
6.67 4.9493 0.999811
6.68 4.9593 0.999816
6.69 4.9693 0.999821
6.7 4.9793 0.999826
6.71 4.9893 0.99983
6.72 4.99929 0.999835
6.73 5.00929 0.999839
6.74 5.01929 0.999844
6.75 5.02929 0.999848
6.76 5.03929 0.999852
6.77 5.04929 0.999856
6.78 5.05928 0.99986
6.79 5.06928 0.999864
6.8 5.07928 0.999868
6.81 5.08928 0.999871
6.82 5.09928 0.999875
6.83 5.10928 0.999878
6.84 5.11928 0.999882
6.85 5.12928 0.999885
6.86 5.13927 0.999888
6.87 5.14927 0.999891
6.88 5.15927 0.999894
6.89 5.16927 0.999897
6.9 5.17927 0.9999
6.91 5.18927 0.999903
6.92 5.19927 0.999906
6.93 5.20927 0.999908
6.94 5.21927 0.999911
6.95 5.22927 0.999914
6.96 5.23927 0.999916
6.97 5.24926 0.999918
6.98 5.25926 0.999921
6.99 5.26926 0.999923
7 5.27926 0.999925
7.01 5.28926 0.999928
7.02 5.29926 0.99993
7.03 5.30926 0.999932
7.04 5.31926 0.999934
7.05 5.32926 0.999936
7.06 5.33926 0.999938
7.07 5.34926 0.999939
7.08 5.35926 0.999941
7.09 5.36926 0.999943
7.1 5.37926 0.999945
7.11 5.38925 0.999946
7.12 5.39925 0.999948
7.13 5.40925 0.99995
7.14 5.41925 0.999951
7.15 5.42925 0.999953
7.16 5.43925 0.999954
7.17 5.44925 0.999955
7.18 5.45925 0.999957
7.19 5.46925 0.999958
7.2 5.47925 0.999959
7.21 5.48925 0.999961
7.22 5.49925 0.999962
7.23 5.50925 0.999963
7.24 5.51925 0.999964
7.25 5.52925 0.999965
7.26 5.53925 0.999967
7.27 5.54925 0.999968
7.28 5.55925 0.999969
7.29 5.56925 0.99997
7.3 5.57925 0.999971
7.31 5.58925 0.999972
7.32 5.59925 0.999973
7.33 5.60925 0.999974
7.34 5.61925 0.999974
7.35 5.62925 0.999975
7.36 5.63925 0.999976
7.37 5.64925 0.999977
7.38 5.65925 0.999978
7.39 5.66924 0.999978
7.4 5.67924 0.999979
7.41 5.68924 0.99998
7.42 5.69924 0.999981
7.43 5.70924 0.999981
7.44 5.71924 0.999982
7.45 5.72924 0.999983
7.46 5.73924 0.999983
7.47 5.74924 0.999984
7.48 5.75924 0.999984
7.49 5.76924 0.999985
7.5 5.77924 0.999986
7.51 5.78924 0.999986
7.52 5.79924 0.999987
7.53 5.80924 0.999987
7.54 5.81924 0.999988
7.55 5.82924 0.999988
7.56 5.83924 0.999989
7.57 5.84924 0.999989
7.58 5.85924 0.99999
7.59 5.86924 0.99999
7.6 5.87924 0.99999
7.61 5.88924 0.999991
7.62 5.89924 0.999991
7.63 5.90924 0.999992
7.64 5.91924 0.999992
7.65 5.92924 0.999992
7.66 5.93924 0.999993
7.67 5.94924 0.999993
7.68 5.95924 0.999993
7.69 5.96924 0.999994
7.7 5.97924 0.999994
7.71 5.98924 0.999994
7.72 5.99924 0.999995
7.73 6.00924 0.999995
7.74 6.01924 0.999995
7.75 6.02924 0.999995
7.76 6.03924 0.999996
7.77 6.04924 0.999996
7.78 6.05924 0.999996
7.79 6.06924 0.999996
7.8 6.07924 0.999997
7.81 6.08924 0.999997
7.82 6.09924 0.999997
7.83 6.10924 0.999997
7.84 6.11924 0.999997
7.85 6.12924 0.999998
7.86 6.13924 0.999998
7.87 6.14924 0.999998
7.88 6.15924 0.999998
7.89 6.16924 0.999998
7.9 6.17924 0.999999
7.91 6.18924 0.999999
7.92 6.19924 0.999999
7.93 6.20924 0.999999
7.94 6.21924 0.999999
7.95 6.22924 0.999999
7.96 6.23924 1
7.97 6.24924 1
7.98 6.25924 1
7.99 6.26924 1
8 6.27924 1
