# eta   f(eta)   f'(eta)
0 0.2 0
0.01 0.2 0.00404193
0.02 0.20004 0.00807982
0.03 0.200121 0.0121137
0.04 0.200242 0.0161435
0.05 0.200404 0.0201693
0.06 0.200605 0.024191
0.07 0.200847 0.0282087
0.08 0.201129 0.0322224
0.09 0.201452 0.0362321
0.1 0.201814 0.0402377
0.11 0.202216 0.0442393
0.12 0.202659 0.0482369
0.13 0.203141 0.0522304
0.14 0.203663 0.0562199
0.15 0.204226 0.0602053
0.16 0.204828 0.0641867
0.17 0.20547 0.0681639
0.18 0.206151 0.0721372
0.19 0.206873 0.0761063
0.2 0.207634 0.0800714
0.21 0.208434 0.0840323
0.22 0.209275 0.0879891
0.23 0.210155 0.0919418
0.24 0.211074 0.0958904
0.25 0.212033 0.0998348
0.26 0.213031 0.103775
0.27 0.214069 0.107711
0.28 0.215146 0.111643
0.29 0.216263 0.115571
0.3 0.217418 0.119494
0.31 0.218613 0.123413
0.32 0.219847 0.127328
0.33 0.221121 0.131239
0.34 0.222433 0.135145
0.35 0.223784 0.139048
0.36 0.225175 0.142945
0.37 0.226604 0.146839
0.38 0.228073 0.150728
0.39 0.22958 0.154612
0.4 0.231126 0.158492
0.41 0.232711 0.162368
0.42 0.234335 0.166239
0.43 0.235997 0.170106
0.44 0.237698 0.173968
0.45 0.239438 0.177826
0.46 0.241216 0.181679
0.47 0.243033 0.185527
0.48 0.244888 0.189371
0.49 0.246782 0.19321
0.5 0.248714 0.197044
0.51 0.250684 0.200874
0.52 0.252693 0.204699
0.53 0.25474 0.208519
0.54 0.256825 0.212334
0.55 0.258949 0.216145
0.56 0.26111 0.21995
0.57 0.26331 0.223751
0.58 0.265547 0.227547
0.59 0.267823 0.231337
0.6 0.270136 0.235123
0.61 0.272487 0.238903
0.62 0.274876 0.242679
0.63 0.277303 0.246449
0.64 0.279768 0.250214
0.65 0.28227 0.253974
0.66 0.284809 0.257729
0.67 0.287387 0.261478
0.68 0.290002 0.265222
0.69 0.292654 0.268961
0.7 0.295343 0.272694
0.71 0.29807 0.276422
0.72 0.300835 0.280144
0.73 0.303636 0.283861
0.74 0.306475 0.287572
0.75 0.30935 0.291277
0.76 0.312263 0.294977
0.77 0.315213 0.298671
0.78 0.3182 0.302359
0.79 0.321223 0.306042
0.8 0.324284 0.309718
0.81 0.327381 0.313389
0.82 0.330515 0.317054
0.83 0.333685 0.320713
0.84 0.336892 0.324365
0.85 0.340136 0.328012
0.86 0.343416 0.331652
0.87 0.346733 0.335287
0.88 0.350085 0.338915
0.89 0.353475 0.342536
0.9 0.3569 0.346152
0.91 0.360361 0.349761
0.92 0.363859 0.353363
0.93 0.367393 0.35696
0.94 0.370962 0.360549
0.95 0.374568 0.364132
0.96 0.378209 0.367708
0.97 0.381886 0.371278
0.98 0.385599 0.374841
0.99 0.389347 0.378397
1 0.393131 0.381946
1.01 0.396951 0.385488
1.02 0.400806 0.389024
1.03 0.404696 0.392552
1.04 0.408621 0.396073
1.05 0.412582 0.399587
1.06 0.416578 0.403094
1.07 0.420609 0.406594
1.08 0.424675 0.410086
1.09 0.428776 0.413572
1.1 0.432912 0.417049
1.11 0.437082 0.420519
1.12 0.441287 0.423982
1.13 0.445527 0.427437
1.14 0.449801 0.430885
1.15 0.45411 0.434325
1.16 0.458453 0.437757
1.17 0.462831 0.441181
1.18 0.467243 0.444597
1.19 0.471689 0.448006
1.2 0.476169 0.451407
1.21 0.480683 0.454799
1.22 0.485231 0.458184
1.23 0.489813 0.46156
1.24 0.494428 0.464928
1.25 0.499078 0.468288
1.26 0.503761 0.47164
1.27 0.508477 0.474983
1.28 0.513227 0.478318
1.29 0.51801 0.481644
1.3 0.522826 0.484962
1.31 0.527676 0.488271
1.32 0.532559 0.491572
1.33 0.537474 0.494864
1.34 0.542423 0.498147
1.35 0.547405 0.501421
1.36 0.552419 0.504686
1.37 0.557466 0.507943
1.38 0.562545 0.51119
1.39 0.567657 0.514429
1.4 0.572801 0.517658
1.41 0.577978 0.520878
1.42 0.583187 0.524089
1.43 0.588428 0.527291
1.44 0.5937 0.530483
1.45 0.599005 0.533666
1.46 0.604342 0.536839
1.47 0.60971 0.540003
1.48 0.61511 0.543158
1.49 0.620542 0.546302
1.5 0.626005 0.549437
1.51 0.631499 0.552563
1.52 0.637025 0.555678
1.53 0.642582 0.558784
1.54 0.64817 0.56188
1.55 0.653788 0.564966
1.56 0.659438 0.568042
1.57 0.665118 0.571108
1.58 0.67083 0.574163
1.59 0.676571 0.577209
1.6 0.682343 0.580244
1.61 0.688146 0.58327
1.62 0.693978 0.586284
1.63 0.699841 0.589289
1.64 0.705734 0.592283
1.65 0.711657 0.595266
1.66 0.71761 0.598239
1.67 0.723592 0.601202
1.68 0.729604 0.604153
1.69 0.735646 0.607094
1.7 0.741716 0.610025
1.71 0.747817 0.612944
1.72 0.753946 0.615853
1.73 0.760105 0.618751
1.74 0.766292 0.621638
1.75 0.772509 0.624514
1.76 0.778754 0.627379
1.77 0.785028 0.630233
1.78 0.79133 0.633076
1.79 0.797661 0.635907
1.8 0.80402 0.638728
1.81 0.810407 0.641537
1.82 0.816822 0.644335
1.83 0.823266 0.647121
1.84 0.829737 0.649896
1.85 0.836236 0.65266
1.86 0.842762 0.655412
1.87 0.849317 0.658153
1.88 0.855898 0.660882
1.89 0.862507 0.6636
1.9 0.869143 0.666306
1.91 0.875806 0.669
1.92 0.882496 0.671683
1.93 0.889213 0.674354
1.94 0.895956 0.677013
1.95 0.902726 0.67966
1.96 0.909523 0.682296
1.97 0.916346 0.684919
1.98 0.923195 0.687531
1.99 0.930071 0.69013
2 0.936972 0.692718
2.01 0.943899 0.695294
2.02 0.950852 0.697857
2.03 0.957831 0.700408
2.04 0.964835 0.702948
2.05 0.971864 0.705475
2.06 0.978919 0.70799
2.07 0.985999 0.710493
2.08 0.993104 0.712983
2.09 1.00023 0.715461
2.1 1.00739 0.717927
2.11 1.01457 0.720381
2.12 1.02177 0.722822
2.13 1.029 0.725251
2.14 1.03625 0.727667
2.15 1.04353 0.730071
2.16 1.05083 0.732462
2.17 1.05815 0.734842
2.18 1.0655 0.737208
2.19 1.07287 0.739562
2.2 1.08027 0.741904
2.21 1.08769 0.744232
2.22 1.09513 0.746549
2.23 1.1026 0.748853
2.24 1.11009 0.751144
2.25 1.1176 0.753422
2.26 1.12513 0.755688
2.27 1.13269 0.757941
2.28 1.14027 0.760182
2.29 1.14787 0.762409
2.3 1.15549 0.764625
2.31 1.16314 0.766827
2.32 1.17081 0.769017
2.33 1.1785 0.771194
2.34 1.18621 0.773358
2.35 1.19394 0.775509
2.36 1.2017 0.777648
2.37 1.20948 0.779774
2.38 1.21727 0.781887
2.39 1.22509 0.783987
2.4 1.23293 0.786075
2.41 1.24079 0.78815
2.42 1.24867 0.790212
2.43 1.25658 0.792261
2.44 1.2645 0.794297
2.45 1.27244 0.796321
2.46 1.2804 0.798332
2.47 1.28839 0.80033
2.48 1.29639 0.802315
2.49 1.30441 0.804288
2.5 1.31246 0.806247
2.51 1.32052 0.808194
2.52 1.3286 0.810128
2.53 1.3367 0.81205
2.54 1.34482 0.813958
2.55 1.35296 0.815854
2.56 1.36112 0.817737
2.57 1.3693 0.819607
2.58 1.3775 0.821465
2.59 1.38571 0.82331
2.6 1.39394 0.825142
2.61 1.40219 0.826962
2.62 1.41046 0.828768
2.63 1.41875 0.830562
2.64 1.42706 0.832344
2.65 1.43538 0.834113
2.66 1.44372 0.835869
2.67 1.45208 0.837613
2.68 1.46046 0.839344
2.69 1.46885 0.841062
2.7 1.47726 0.842768
2.71 1.48569 0.844461
2.72 1.49413 0.846142
2.73 1.50259 0.847811
2.74 1.51107 0.849467
2.75 1.51957 0.85111
2.76 1.52808 0.852741
2.77 1.53661 0.85436
2.78 1.54515 0.855966
2.79 1.55371 0.85756
2.8 1.56228 0.859142
2.81 1.57088 0.860711
2.82 1.57948 0.862268
2.83 1.58811 0.863813
2.84 1.59674 0.865346
2.85 1.6054 0.866866
2.86 1.61407 0.868375
2.87 1.62275 0.869871
2.88 1.63145 0.871355
2.89 1.64016 0.872827
2.9 1.64889 0.874288
2.91 1.65763 0.875736
2.92 1.66639 0.877172
2.93 1.67516 0.878596
2.94 1.68395 0.880009
2.95 1.69275 0.881409
2.96 1.70156 0.882798
2.97 1.71039 0.884175
2.98 1.71923 0.885541
2.99 1.72809 0.886894
3 1.73696 0.888236
3.01 1.74584 0.889567
3.02 1.75473 0.890886
3.03 1.76364 0.892193
3.04 1.77257 0.893489
3.05 1.7815 0.894773
3.06 1.79045 0.896047
3.07 1.79941 0.897308
3.08 1.80838 0.898559
3.09 1.81737 0.899798
3.1 1.82636 0.901026
3.11 1.83538 0.902243
3.12 1.8444 0.903449
3.13 1.85343 0.904643
3.14 1.86248 0.905827
3.15 1.87154 0.907
3.16 1.88061 0.908161
3.17 1.88969 0.909312
3.18 1.89878 0.910452
3.19 1.90789 0.911582
3.2 1.917 0.9127
3.21 1.92613 0.913808
3.22 1.93527 0.914905
3.23 1.94442 0.915992
3.24 1.95358 0.917068
3.25 1.96275 0.918134
3.26 1.97193 0.919189
3.27 1.98112 0.920234
3.28 1.99032 0.921269
3.29 1.99953 0.922294
3.3 2.00876 0.923308
3.31 2.01799 0.924312
3.32 2.02723 0.925306
3.33 2.03649 0.92629
3.34 2.04575 0.927264
3.35 2.05502 0.928228
3.36 2.0643 0.929182
3.37 2.0736 0.930127
3.38 2.0829 0.931061
3.39 2.09221 0.931986
3.4 2.10153 0.932902
3.41 2.11086 0.933807
3.42 2.1202 0.934704
3.43 2.12954 0.93559
3.44 2.1389 0.936468
3.45 2.14826 0.937336
3.46 2.15764 0.938195
3.47 2.16702 0.939044
3.48 2.17641 0.939885
3.49 2.18581 0.940716
3.5 2.19521 0.941538
3.51 2.20463 0.942351
3.52 2.21405 0.943156
3.53 2.22349 0.943951
3.54 2.23292 0.944738
3.55 2.24237 0.945516
3.56 2.25183 0.946285
3.57 2.26129 0.947045
3.58 2.27076 0.947797
3.59 2.28024 0.948541
3.6 2.28972 0.949276
3.61 2.29922 0.950003
3.62 2.30872 0.950721
3.63 2.31822 0.951431
3.64 2.32774 0.952133
3.65 2.33726 0.952827
3.66 2.34679 0.953513
3.67 2.35632 0.95419
3.68 2.36587 0.95486
3.69 2.37541 0.955522
3.7 2.38497 0.956176
3.71 2.39453 0.956822
3.72 2.4041 0.957461
3.73 2.41367 0.958092
3.74 2.42325 0.958715
3.75 2.43284 0.959331
3.76 2.44243 0.959939
3.77 2.45203 0.96054
3.78 2.46164 0.961134
3.79 2.47125 0.96172
3.8 2.48087 0.962299
3.81 2.49049 0.962871
3.82 2.50012 0.963436
3.83 2.50975 0.963994
3.84 2.51939 0.964545
3.85 2.52904 0.965089
3.86 2.53869 0.965626
3.87 2.54835 0.966156
3.88 2.55801 0.966679
3.89 2.56768 0.967196
3.9 2.57735 0.967707
3.91 2.58702 0.96821
3.92 2.59671 0.968708
3.93 2.60639 0.969198
3.94 2.61609 0.969683
3.95 2.62578 0.970161
3.96 2.63548 0.970633
3.97 2.64519 0.971099
3.98 2.6549 0.971558
3.99 2.66462 0.972012
4 2.67434 0.972459
4.01 2.68406 0.9729
4.02 2.69379 0.973336
4.03 2.70352 0.973766
4.04 2.71326 0.97419
4.05 2.723 0.974608
4.06 2.73275 0.97502
4.07 2.7425 0.975427
4.08 2.75225 0.975829
4.09 2.76201 0.976225
4.1 2.77177 0.976615
4.11 2.78154 0.977
4.12 2.79131 0.97738
4.13 2.80108 0.977754
4.14 2.81086 0.978123
4.15 2.82064 0.978487
4.16 2.83043 0.978846
4.17 2.84022 0.9792
4.18 2.85001 0.979549
4.19 2.8598 0.979893
4.2 2.8696 0.980232
4.21 2.87941 0.980566
4.22 2.88921 0.980895
4.23 2.89902 0.98122
4.24 2.90883 0.98154
4.25 2.91865 0.981855
4.26 2.92847 0.982165
4.27 2.93829 0.982472
4.28 2.94811 0.982773
4.29 2.95794 0.98307
4.3 2.96777 0.983363
4.31 2.9776 0.983652
4.32 2.98744 0.983936
4.33 2.99728 0.984216
4.34 3.00712 0.984492
4.35 3.01697 0.984764
4.36 3.02681 0.985031
4.37 3.03667 0.985295
4.38 3.04652 0.985554
4.39 3.05637 0.98581
4.4 3.06623 0.986062
4.41 3.07609 0.98631
4.42 3.08596 0.986554
4.43 3.09582 0.986794
4.44 3.10569 0.987031
4.45 3.11556 0.987264
4.46 3.12543 0.987493
4.47 3.13531 0.987719
4.48 3.14518 0.987941
4.49 3.15506 0.98816
4.5 3.16495 0.988375
4.51 3.17483 0.988587
4.52 3.18471 0.988796
4.53 3.1946 0.989001
4.54 3.20449 0.989203
4.55 3.21438 0.989402
4.56 3.22428 0.989597
4.57 3.23417 0.98979
4.58 3.24407 0.989979
4.59 3.25397 0.990165
4.6 3.26387 0.990348
4.61 3.27378 0.990529
4.62 3.28368 0.990706
4.63 3.29359 0.99088
4.64 3.3035 0.991052
4.65 3.31341 0.991221
4.66 3.32332 0.991387
4.67 3.33324 0.99155
4.68 3.34315 0.99171
4.69 3.35307 0.991868
4.7 3.36299 0.992023
4.71 3.37291 0.992176
4.72 3.38283 0.992326
4.73 3.39275 0.992473
4.74 3.40268 0.992618
4.75 3.4126 0.992761
4.76 3.42253 0.992901
4.77 3.43246 0.993039
4.78 3.44239 0.993174
4.79 3.45232 0.993307
4.8 3.46225 0.993438
4.81 3.47219 0.993566
4.82 3.48212 0.993693
4.83 3.49206 0.993817
4.84 3.502 0.993939
4.85 3.51194 0.994058
4.86 3.52188 0.994176
4.87 3.53182 0.994292
4.88 3.54176 0.994405
4.89 3.55171 0.994517
4.9 3.56165 0.994626
4.91 3.5716 0.994734
4.92 3.58155 0.99484
4.93 3.5915 0.994944
4.94 3.60144 0.995046
4.95 3.6114 0.995146
4.96 3.62135 0.995244
4.97 3.6313 0.995341
4.98 3.64125 0.995436
4.99 3.65121 0.995529
5 3.66116 0.99562
5.01 3.67112 0.99571
5.02 3.68108 0.995798
5.03 3.69103 0.995884
5.04 3.70099 0.995969
5.05 3.71095 0.996053
5.06 3.72091 0.996134
5.07 3.73087 0.996215
5.08 3.74084 0.996293
5.09 3.7508 0.996371
5.1 3.76076 0.996447
5.11 3.77073 0.996521
5.12 3.78069 0.996594
5.13 3.79066 0.996666
5.14 3.80063 0.996736
5.15 3.81059 0.996805
5.16 3.82056 0.996873
5.17 3.83053 0.996939
5.18 3.8405 0.997004
5.19 3.85047 0.997068
5.2 3.86044 0.997131
5.21 3.87041 0.997192
5.22 3.88038 0.997252
5.23 3.89036 0.997311
5.24 3.90033 0.997369
5.25 3.9103 0.997426
5.26 3.92028 0.997482
5.27 3.93025 0.997536
5.28 3.94023 0.99759
5.29 3.9502 0.997642
5.3 3.96018 0.997694
5.31 3.97016 0.997744
5.32 3.98013 0.997794
5.33 3.99011 0.997842
5.34 4.00009 0.99789
5.35 4.01007 0.997936
5.36 4.02005 0.997982
5.37 4.03003 0.998026
5.38 4.04001 0.99807
5.39 4.04999 0.998113
5.4 4.05997 0.998155
5.41 4.06995 0.998196
5.42 4.07993 0.998237
5.43 4.08992 0.998276
5.44 4.0999 0.998315
5.45 4.10988 0.998353
5.46 4.11986 0.99839
5.47 4.12985 0.998426
5.48 4.13983 0.998462
5.49 4.14982 0.998497
5.5 4.1598 0.998531
5.51 4.16979 0.998565
5.52 4.17977 0.998597
5.53 4.18976 0.99863
5.54 4.19975 0.998661
5.55 4.20973 0.998692
5.56 4.21972 0.998722
5.57 4.22971 0.998751
5.58 4.23969 0.99878
5.59 4.24968 0.998809
5.6 4.25967 0.998836
5.61 4.26966 0.998863
5.62 4.27965 0.99889
5.63 4.28964 0.998916
5.64 4.29963 0.998941
5.65 4.30961 0.998966
5.66 4.3196 0.99899
5.67 4.32959 0.999014
5.68 4.33958 0.999037
5.69 4.34957 0.99906
5.7 4.35957 0.999082
5.71 4.36956 0.999104
5.72 4.37955 0.999125
5.73 4.38954 0.999146
5.74 4.39953 0.999167
5.75 4.40952 0.999186
5.76 4.41951 0.999206
5.77 4.42951 0.999225
5.78 4.4395 0.999244
5.79 4.44949 0.999262
5.8 4.45948 0.99928
5.81 4.46948 0.999297
5.82 4.47947 0.999314
5.83 4.48946 0.999331
5.84 4.49945 0.999347
5.85 4.50945 0.999363
5.86 4.51944 0.999379
5.87 4.52944 0.999394
5.88 4.53943 0.999409
5.89 4.54942 0.999423
5.9 4.55942 0.999437
5.91 4.56941 0.999451
5.92 4.57941 0.999465
5.93 4.5894 0.999478
5.94 4.5994 0.999491
5.95 4.60939 0.999504
5.96 4.61939 0.999516
5.97 4.62938 0.999528
5.98 4.63938 0.99954
5.99 4.64937 0.999551
6 4.65937 0.999563
6.01 4.66936 0.999574
6.02 4.67936 0.999584
6.03 4.68935 0.999595
6.04 4.69935 0.999605
6.05 4.70935 0.999615
6.06 4.71934 0.999625
6.07 4.72934 0.999635
6.08 4.73934 0.999644
6.09 4.74933 0.999653
6.1 4.75933 0.999662
6.11 4.76933 0.99967
6.12 4.77932 0.999679
6.13 4.78932 0.999687
6.14 4.79932 0.999695
6.15 4.80931 0.999703
6.16 4.81931 0.999711
6.17 4.82931 0.999718
6.18 4.8393 0.999726
6.19 4.8493 0.999733
6.2 4.8593 0.99974
6.21 4.8693 0.999746
6.22 4.87929 0.999753
6.23 4.88929 0.99976
6.24 4.89929 0.999766
6.25 4.90929 0.999772
6.26 4.91928 0.999778
6.27 4.92928 0.999784
6.28 4.93928 0.99979
6.29 4.94928 0.999795
6.3 4.95928 0.999801
6.31 4.96927 0.999806
6.32 4.97927 0.999811
6.33 4.98927 0.999816
6.34 4.99927 0.999821
6.35 5.00927 0.999826
6.36 5.01926 0.999831
6.37 5.02926 0.999835
6.38 5.03926 0.99984
6.39 5.04926 0.999844
6.4 5.05926 0.999848
6.41 5.06926 0.999852
6.42 5.07925 0.999856
6.43 5.08925 0.99986
6.44 5.09925 0.999864
6.45 5.10925 0.999868
6.46 5.11925 0.999871
6.47 5.12925 0.999875
6.48 5.13925 0.999878
6.49 5.14925 0.999882
6.5 5.15924 0.999885
6.51 5.16924 0.999888
6.52 5.17924 0.999891
6.53 5.18924 0.999894
6.54 5.19924 0.999897
6.55 5.20924 0.9999
6.56 5.21924 0.999903
6.57 5.22924 0.999905
6.58 5.23924 0.999908
6.59 5.24923 0.999911
6.6 5.25923 0.999913
6.61 5.26923 0.999916
6.62 5.27923 0.999918
6.63 5.28923 0.99992
6.64 5.29923 0.999923
6.65 5.30923 0.999925
6.66 5.31923 0.999927
6.67 5.32923 0.999929
6.68 5.33923 0.999931
6.69 5.34923 0.999933
6.7 5.35923 0.999935
6.71 5.36923 0.999937
6.72 5.37922 0.999939
6.73 5.38922 0.99994
6.74 5.39922 0.999942
6.75 5.40922 0.999944
6.76 5.41922 0.999945
6.77 5.42922 0.999947
6.78 5.43922 0.999948
6.79 5.44922 0.99995
6.8 5.45922 0.999951
6.81 5.46922 0.999953
6.82 5.47922 0.999954
6.83 5.48922 0.999956
6.84 5.49922 0.999957
6.85 5.50922 0.999958
6.86 5.51922 0.999959
6.87 5.52922 0.999961
6.88 5.53922 0.999962
6.89 5.54922 0.999963
6.9 5.55922 0.999964
6.91 5.56922 0.999965
6.92 5.57922 0.999966
6.93 5.58922 0.999967
6.94 5.59921 0.999968
6.95 5.60921 0.999969
6.96 5.61921 0.99997
6.97 5.62921 0.999971
6.98 5.63921 0.999972
6.99 5.64921 0.999973
7 5.65921 0.999973
7.01 5.66921 0.999974
7.02 5.67921 0.999975
7.03 5.68921 0.999976
7.04 5.69921 0.999977
7.05 5.70921 0.999977
7.06 5.71921 0.999978
7.07 5.72921 0.999979
7.08 5.73921 0.999979
7.09 5.74921 0.99998
7.1 5.75921 0.999981
7.11 5.76921 0.999981
7.12 5.77921 0.999982
7.13 5.78921 0.999982
7.14 5.79921 0.999983
7.15 5.80921 0.999983
7.16 5.81921 0.999984
7.17 5.82921 0.999984
7.18 5.83921 0.999985
7.19 5.84921 0.999985
7.2 5.85921 0.999986
7.21 5.86921 0.999986
7.22 5.87921 0.999987
7.23 5.88921 0.999987
7.24 5.89921 0.999988
7.25 5.90921 0.999988
7.26 5.91921 0.999988
7.27 5.92921 0.999989
7.28 5.93921 0.999989
7.29 5.94921 0.999989
7.3 5.95921 0.99999
7.31 5.96921 0.99999
7.32 5.97921 0.999991
7.33 5.98921 0.999991
7.34 5.99921 0.999991
7.35 6.00921 0.999991
7.36 6.01921 0.999992
7.37 6.02921 0.999992
7.38 6.03921 0.999992
7.39 6.04921 0.999993
7.4 6.05921 0.999993
7.41 6.06921 0.999993
7.42 6.07921 0.999993
7.43 6.08921 0.999993
7.44 6.09921 0.999994
7.45 6.10921 0.999994
7.46 6.11921 0.999994
7.47 6.12921 0.999994
7.48 6.13921 0.999995
7.49 6.14921 0.999995
7.5 6.15921 0.999995
7.51 6.16921 0.999995
7.52 6.17921 0.999995
7.53 6.18921 0.999995
7.54 6.19921 0.999996
7.55 6.20921 0.999996
7.56 6.21921 0.999996
7.57 6.22921 0.999996
7.58 6.23921 0.999996
7.59 6.24921 0.999996
7.6 6.25921 0.999996
7.61 6.26921 0.999997
7.62 6.27921 0.999997
7.63 6.28921 0.999997
7.64 6.29921 0.999997
7.65 6.30921 0.999997
7.66 6.31921 0.999997
7.67 6.32921 0.999997
7.68 6.33921 0.999997
7.69 6.34921 0.999998
7.7 6.35921 0.999998
7.71 6.36921 0.999998
7.72 6.37921 0.999998
7.73 6.38921 0.999998
7.74 6.39921 0.999998
7.75 6.40921 0.999998
7.76 6.41921 0.999998
7.77 6.42921 0.999998
7.78 6.43921 0.999998
7.79 6.44921 0.999998
7.8 6.45921 0.999998
7.81 6.46921 0.999999
7.82 6.47921 0.999999
7.83 6.48921 0.999999
7.84 6.49921 0.999999
7.85 6.50921 0.999999
7.86 6.51921 0.999999
7.87 6.52921 0.999999
7.88 6.53921 0.999999
7.89 6.54921 0.999999
7.9 6.55921 0.999999
7.91 6.56921 0.999999
7.92 6.57921 0.999999
7.93 6.58921 0.999999
7.94 6.59921 0.999999
7.95 6.60921 0.999999
7.96 6.61921 0.999999
7.97 6.62921 0.999999
7.98 6.63921 0.999999
7.99 6.64921 0.999999
8 6.65921 0.999999
